5371167863
4060038222
6239916302
3555732890
7264456272
9667739503
4443969010
7433988253
1601561757
9111519194
2933556537
5584062241
6655357375
6113519203
7712221525
3908793234
9939351686
6048866967
9342440715
2274804969
2541732595
3376966963
4807564282
7205414119
5139584936
2913405418
4846895747
2674945082
5463538186
7978317124
5551787748
4940559068
4417953738
3286878872
3084640335
7644498527
2179904201
0640253771
7959189996
8382143324
0056801156
4605953904
0309569515
0366641363
6489446737
5192557474
2428464505
5642423063
2991721301
6759130170
6508780447
5146728564
4415129849
4442965735
7299368659
7554497390
2568535764
8858355625
8222223886
8566728575
8074405542
1025873458
9905404662
3224440055
5745934453
3011784431
1959066867
5219150881
8621787700
0404007147
4955441240
0159455091
1734115378
0640355977
2528695767
5553443582
9491560354
9979520884
2511327420
7150478148
4328633088
0064989397
9103279949
5739070562
0230891724
5841885845
4367038149
8249195834
0831052083
8249751133
5993478317
4549361884
3621718973
9559177743
4009957002
0345481053
4182983628
3839371751
0423150898
6814117237